126
16
992
379
768
290
267
582
752
146
496
436
546
272
316
728
437
160
772
660
94
764
340
881
158
166
219
127
118
913
55
69
315
294
30
95
561
626
286
54
178
412
622
913
97
901
543
356
704
974
76
229
12
372
763
870
873
76
16
816
591
23
132
367
323
823
881
411
570
593
65
185
392
885
565
742
177
789
176
262
483
421
802
902
732
329
482
619
764
907
226
251
892
736
347
39
222
305
882
275
612
601
650
6
743
535
280
891
812
950
767
788
734
964
673
984
557
305
62
211
685
829
784
707
9
475
394
76
813
511
586
679
730
92
284
899
292
154
236
759
238
139
369
310
608
199
273
263
867
801
430
306
453
504
246
334
835
798
768
40
15
614
979
848
300
913
594
422
570
797
132
15
965
791
102
415
929
41
870
870
99
818
419
24
901
778
808
975
560
270
817
417
930
191
458
758
622
694
351
410
173
462
384
908
401
699
15
465
496
700
909
281
914
756
620
725
154
189
542
480
181
102
254
133
6
409
645
498
447
860
175
990
396
413
275
182
721
872
213
444
822
602
311
755
667
302
547
206
484
779
276
788
300
636
602
720
416
245
619
954
121
355
294
141
575
232
827
130
51
503
974
163
562
209
504
751
494
691
904
406
930
341
138
892
915
146
946
384
66
463
551
898
60
163
689
315
960
397
819
420
391
962
997
301
683
980
699
20
438
992
389
87
490
261
594
824
150
137
482
777
118
371
946
417
785
40
586
713
797
769
114
586
957
638
48
209
758
307
928
122
457
100
184
868
411
708
941
477
591
794
891
952
24
279
831
813
911
990
168
491
583
567
894
434
158
163
790
410
463
715
366
764
722
115
383
544
977
595
675
875
470
39
601
216
36
494
98
692
94
979
524
641
266
568
566
835
488
951
534
330
330
55
952
315
16
300
932
238
368
587
715
732
761
265
925
473
964
322
106
77
137
274
300
543
780
958
896
581
940
939
796
872
106
361
570
918
12
121
349
82
171
923
377
501
105
951
328
812
537
911
361
921
662
563
29
678
377
531
858
742
947
556
925
529
979
593
702
791
109
634
489
925
696
404
707
837
979
928
966
90
100
268
915
887
694
913
985
195
962
622
601
663
199
22
54
114
601
275
532
592
354
931
267
619
944
510
351
677
384
550
246
798
346
458
287
294
618
807
985
723
372
368
935
182
471
390
257
192
697
761
781
167
664
568
358
66
101
527
877
288
917
764
168
921
563
964
642
58
982
145
145
134
207
46
48
601
813
917
38
298
595
752
102
325
249
840
418
417
142
213
295
351
795
178
343
822
138
973
783
849
842
260
518
951
555
285
753
221
439
525
995
543
821
44
343
910
913
86
791
903
599
167
845
469
439
8
688
96
351
872
998
447
386
835
999
548
303
449
145
704
652
243
441
18
451
359
724
139
704
900
946
151
137
543
142
24
172
165
952
758
181
365
512
295
473
216
265
279
193
274
848
966
950
442
285
867
439
367
874
289
250
3
489
699
998
10
985
923
648
517
535
827
738
46
675
49
54
27
901
801
77
179
567
752
510
968
443
51
464
392
765
824
514
606
675
580
72
390
514
957
547
270
488
542
351
314
19
6
211
660
395
963
245
397
267
694
386
248
65
923
327
779
818
412
429
689
676
64
143
722
836
529
325
98
686
297
8
384
152
365
53
155
481
681
632
193
856
791
784
622
180
870
443
412
254
883
725
195
725
642
955
101
820
379
533
384
374
30
571
782
36
666
897
647
219
849
215
836
213
113
535
984
896
326
613
624
384
826
999
605
613
628
142
940
17
684
128
650
14
454
223
799
744
739
640
17
893
196
600
8
904
457
310
582
706
427
136
329
318
315
625
897
480
239
355
525
251
771
308
886
82
192
776
570
445
526
0
748
129
552
698
464
789
689
10
545
679
157
962
902
123
588
580
120
533
358
791
620
375
245
783
202
425
616
953
844
839
572
904
791
966
244
812
312
242
242
275
576
927
863
703
623
971
565
691
654
576
106
669
693
174
579
552
660
463
605
403
631
725
402
858
154
281
315
677
846
150
568
527
737
286
450
536
621
505
0
199
94
535
89
133
222
630
949
949
740
977
148
857
834
435
632
287
578
667
351
609
523
780
243
897
264
327
349
745
933
803
763
88
556
496
746
254
486
381
351
914
7
102
399
924
186
477
692
877
30
313
940
156
923
755
968
519
921
324
575
840
354
443
882
955
923
207
456
923
552
865
219
171
342
93
181
418
609
816
113
617
223
2
900
1
573
806
382
488
685
997
43
565
534
266
40
978
658
394
310
601
159
968
697
956
812
884
749
496
400
487
529
562
905
488
93
829
519
11
334
287
203
287
956
355
560
21
627
952
531
686
776
537
787
950
660
499
679
224
232
583
214
612
192
358
733
402
389
417
836
117
247
99
116
667
552
367
862
344
38
393
286
383
188
447
744
302
350
437
752
119
919
392
34
48
960
360
429
487
246
164
399
19
83
468
987
405
956
475
31
760
711
140
284
185
811
384
544
766
647
517
285
4
942
708
765
336
497
524
758
749
191
552
82
377
36
534
195
636
626
510
516
4
240
145
802
938
944
226
580
653
59
525
212
12
262
736
273
437
269
885
330
548
77
630
769
473
775
324
860
423
466
924
206
707
320
48
70
25
353
494
821
76
887
794
905
523
880
105
560
797
7
784
346
178
933
462
535
891
407
72
139
853
404
48
173
199
828
161
811
521
383
201
878
39
979
295
704
678
347
553
339
69
88
428
545
635
998
41
984
436
984
925
488
185
881
316
716
332
912
763
18
846
308
238
520
246
165
404
350
310
664
624
168
95
30
299
543
101
783
961
411
164
5
638
861
803
742
561
150
888
925
341
263
226
504
888
358
167
380
806
107
544
746
798
682
839
748
745
668
948
194
269
76
462
214
132
35
419
15
301
371
255
89
900
256
809
933
278
621
252
95
492
253
239
603
602
679
539
899
215
910
652
419
41
506
863
819
84
619
366
944
924
399
195
797
700
909
754
90
977
288
539
54
411
615
834
806
177
288
71
273
475
606
745
463
856
880
344
421
580
491
587
435
7
637
671
356
62
695
241
116
200
615
328
973
216
523
79
564
86
488
158
355
231
960
241
347
366
958
257
762
713
737
754
640
35
16
53
927
421
788
803
339
935
615
649
14
386
284
753
941
27
169
475
712
321
132
376
992
62
252
360
933
180
608
832
288
30
701
44
551
904
295
375
99
169
777
680
985
760
721
287
749
107
955
283
741
996
470
596
674
888
510
638
9
287
13
966
83
404
468
908
280
265
662
174
880
907
694
502
3
715
904
715
421
453
940
774
873
145
669
800
870
565
642
21
986
747
614
384
342
314
709
919
859
355
532
401
639
686
848
66
781
678
651
893
735
692
954
838
143
827
213
949
279
869
177
95
511
29
765
777
725
711
198
730
994
720
309
703
451
802
26
914
443
830
320
497
136
877
156
260
96
149
325
29
178
891
441
536
455
962
412
235
84
294
389
101
409
420
349
989
368
177
214
747
796
932
428
734
767
41
492
790
505
577
355
558
490
626
186
746
89
366
716
129
307
503
751
590
890
228
971
164
974
915
401
903
511
149
375
576
728
70
486
534
669
139
258
182
777
668
933
187
956
596
347
358
754
796
567
573
892
577
140
929
205
772
629
334
795
139
508
674
820
563
79
203
613
710
384
731
538
790
312
615
880
96
962
923
374
769
140
41
939
260
724
178
29
596
717
333
968
724
692
191
391
977
220
331
178
17
121
58
193
366
836
416
666
587
916
312
733
526
497
69
327
862
964
473
310
821
956
157
49
481
590
374
575
340
242
877
67
184
207
31
364
973
145
740
828
824
752
124
876
379
509
293
174
771
694
860
964
619
659
748
798
25
734
920
650
782
204
612
217
111
822
294
188
756
313
774
920
532
776
865
720
380
183
593
917
215
470
811
622
545
367
310
142
833
59
767
488
69
926
662
496
702
525
648
751
357
57
260
413
204
336
69
615
209
135
93
601
239
804
322
497
892
661
17
285
259
497
302
938
547
994
99
831
131
228
312
779
143
511
391
853
554
906
902
35
455
775
351
909
973
206
783
830
103
223
282
400
923
631
682
75
987
260
587
500
860
239
853
564
836
609
53
40
813
166
728
810
762
965
807
250
204
574
645
531
250
961
582
562
578
790
654
381
965
520
314
665
398
823
169
537
288
274
399
588
829
40
455
15
951
291
58
917
78
199
752
652
859
862
183
357
370
433
594
72
735
747
229
990
122
521
809
758
32
700
818
913
229
311
766
636
852
628
822
19
298
104
792
157
519
469
373
817
364
388
544
697
898
368
179
882
154
371
408
632
8
216
892
418
178
633
156
148
852
379
52
673
696
650
461
131
859
585
587
330
466
160
846
461
508
860
199
431
193
102
721
670
532
341
406
367
902
875
172
675
154
935
450
434
977
868
531
277
685
660
817
952
64
30
852
674
575
154
438
194
276
840
805
773
396
769
17
839
622
819
657
503
234
965
120
169
363
5
658
630
533
219
831
874
15
254
712
459
805
306
691
800
506
271
961
407
51
837
208
233
511
981
688
2
858
660
227
186
152
175
663
661
914
938
631
812
314
542
945
590
914
363
954
620
867
698
125
382
513
437
533
794
713
950
682
722
727
262
763
325
567
889
114
173
511
484
361
259
316
287
440
847
136
322
742
8
656
774
676
190
17
510
595
864
354
110
237
445
805
233
59
187
669
796
798
442
46
642
120
911
70
538
665
750
872
788
908
171
9
90
616
440
328
466
487
463
68
731
581
285
593
990
874
440
376
945
232
29
789
201
961
428
38
567
601
456
81
877
475
610
415
873
823
938
545
183
675
91
902
4
324
326
932
866
929
432
261
680
982
317
580
512
71
139
861
741
493
745
474
307
790
163
713
83
77
530
382
726
215
407
823
237
803
204
496
121
619
275
475
812
914
871
905
351
174
535
941
249
557
559
969
740
78
818
924
874
898
567
746
156
959
560
253
342
701
997
598
580
17
79
670
110
265
33
497
64
602
232
841
304
942
101
46
902
982
673
589
44
248
681
913
122
860
735
574
668
772
491
95
505
923
348
293
456
92
254
189
399
35
269
590
783
410
648
347
176
187
899
603
569
316
677
0
206
209
62
517
660
205
643
195
4
321
286
604
371
552
333
311
783
88
626
607
473
460
531
829
845
624
69
838
749
727
443
10
389
175
142
104
639
625
251
647
505
690
665
800
318
317
7
168
345
7
650
431
410
211
410
692
762
734
498
414
267
724
379
450
140
120
628
177
321
836
897
504
441
562
207
451
668
554
632
782
447
344
835
705
532
106
277
802
51
428
544
573
144
678
784
423
23
943
889
431
941
801
843
278
986
451
72
61
51
128
133
682
224
3
241
876
271
668
48
958
861
310
175
520
96
24
146
382
994
234
625
219
886
10
840
9
383
594
399
608
821
939
693
417
41
972
235
606
746
92
409
774
368
843
978
984
229
25
964
903
500
509
398
731
473
503
994
797
160
789
971
688
370
631
112
427
918
326
806
891
978
527
792
144
92
641
37
136
122
56
183
692
304
128
816
348
410
736
469
99
504
254
836
986
760
68
617
217
199
398
580
829
552
434
88
660
859
50
806
556
521
862
642
876
916
258
490
740
945
990
443
272
705
410
593
880
415
925
394
507
590
446
473
12
293
636
220
241
280
991
691
89
284
192
676
759
803
492
920
111
257
319
725
713
963
44
534
428
207
945
452
103
985
45
289
698
610
82
58
411
978
754
62
487
297
225
174
840
471
257
448
679
626
372
368
535
503
576
676
618
914
542
383
754
339
81
710
266
364
583
719
531
222
613
452
762
386
7
14
25
404
857
846
90
180
571
72
451
768
843
908
843
611
731
681
463
504
45
644
166
837
985
97
166
93
13
969
398
909
500
514
782
32
225
657
476
338
420
117
271
603
481
641
736
518
486
324
493
489
762
441
773
93
436
634
304
693
915
52
583
684
23
887
51
507
501
506
732
227
243
660
533
188
160
698
278
854
866
695
956
504
116
991
122
678
50
418
951
186
430
746
264
241
389
357
268
377
231
437
675
280
21
142
438
897
203
907
698
42
996
5
369
819
487
87
306
337
991
536
702
817
635
908
587
173
138
840
265
465
142
598
56
620
311
50
934
819
364
649
784
299
572
121
728
116
859
843
43
42
851
455
588
621
589
253
233
772
277
904
970
894
83
940
138
480
83
818
47
390
206
487
613
974
429
687
582
253
968
216
664
65
644
292
438
392
926
493
340
791
939
287
325
861
981
217
17
798
180
843
952
891
554
374
706
419
913
307
246
99
62
359
552
776
652
16
87
338
385
375
457
903
262
279
877
515
550
413
930
1
576
601
282
58
983
503
562
583
122
320
598
498
165
609
521
610
34
130
765
38
776
408
2
674
273
43
477
356
952
775
61
498
873
100
223
576
819
372
729
39
515
97
527
266
596
70
310
575
416
750
293
324
223
801
316
929
242
243
245
484
267
564
450
515
209
904
376
322
981
185
722
855
695
251
967
292
817
995
86
649
350
118
258
339
436
417
885
144
12
929
620
956
109
766
873
784
368
515
264
858
849
308
581
508
241
432
690
109
835
948
380
7
551
180
945
168
752
944
640
634
744
358
694
440
768
298
317
299
886
16
410
576
201
471
392
953
742
872
984
139
818
950
598
443
906
480
403
372
908
296
262
235
566
60
73
584
801
407
686
120
929
814
701
740
71
225
479
215
198
85
677
10
399
398
112
608
750
122
189
416
994
873
126
253
384
224
724
695
917
787
765
681
922
296
395
803
764
551
954
4
404
79
557
732
751
88
626
998
332
833
975
140
187
174
362
406
321
375
36
376
304
53
419
958
137
859
115
108
195
178
847
958
175
275
747
781
932
880
566
281
467
456
183
294
805
201
255
424
432
376
145
542
476
714
268
777
352
413
9
203
684
553
505
124
550
396
134
458
884
78
301
719
954
61
363
440
614
778
954
296
625
156
2
800
738
914
117
726
565
71
91
869
35
198
416
929
555
884
636
391
742
170
807
897
333
797
813
300
351
631
13
497
229
610
118
486
34
274
709
998
674
966
835
290
125
306
348
225
162
701
660
217
903
83
639
786
259
88
966
424
870
282
67
52
917
908
628
771
341
915
458
111
614
342
819
398
418
513
406
57
254
271
128
111
407
737
481
688
422
389
263
457
685
614
829
577
713
602
669
523
362
670
194
856
152
934
72
195
288
407
254
165
661
45
978
646
704
780
309
203
956
192
111
356
755
12
962
719
730
749
715
312
770
414
302
775
844
528
704
609
880
250
740
14
772
960
392
679
510
950
229
885
71
582
54
694
362
410
540
740
288
508
655
254
856
403
808
707
755
85
669
35
302
94
324
677
337
791
299
678
114
647
996
834
831
713
514
535
299
629
899
820
176
112
250
512
608
640
830
400
198
750
45
789
298
292
1
27
854
55
720
737
573
975
981
211
527
936
676
150
481
991
793
124
161
149
853
155
107
696
60
133
567
282
915
579
244
225
776
473
897
271
147
613
535
957
176
246
675
414
265
832
933
131
55
244
934
712
329
447
707
990
166
940
645
0
848
991
786
526
657
66
872
44
731
390
791
1
325
264
824
946
908
219
468
259
496
31
338
995
492
1
319
785
17
220
757
112
147
537
267
232
535
220
158
293
630
585
781
449
556
565
422
574
283
954
799
506
220
707
410
702
14
667
942
709
867
802
452
669
431
330
136
816
767
454
756
198
904
263
959
728
370
665
458
306
732
1
987
182
989
374
869
158
910
174
857
173
389
947
709
309
951
470
83
153
87
268
994
551
337
99
125
76
763
871
92
541
581
794
543
484
100
717
495
278
414
733
989
902
216
624
312
226
239
174
808
400
787
201
689
348
407
24
919
812
614
16
16
702
370
888
234
867
907
734
113
194
673
239
415
72
786
857
61
202
201
257
34
841
797
445
564
860
256
681
819
40
941
31
733
566
267
514
855
913
447
980
681
910
734
297
305
971
496
506
326
99
900
966
749
531
252
442
663
846
846
45
587
233
796
488
550
900
756
246
330
509
549
601
968
375
796
349
475
284
395
257
177
510
730
198
945
376
564
117
957
343
583
222
160
463
601
196
956
43
278
251
160
57
407
439
38
150
526
379
184
425
534
63
582
214
190
561
512
787
846
554
510
538
587
340
608
997
227
734
117
371
200
899
608
834
545
535
399
208
133
873
94
482
314
349
43
730
291
785
24
433
262
570
132
585
309
138
803
237
950
39
755
225
755
180
861
851
308
804
661
237
46
821
574
695
291
474
780
941
83
833
58
831
553
900
729
414
994
474
396
676
140
508
41
430
987
918
730
367
443
665
814
468
783
468
893
484
748
26
123
853
766
181
354
959
733
997
132
211
55
759
103
723
163
570
548
530
543
76
876
333
340
305
403
246
840
491
476
566
997
954
183
151
925
411
307
379
480
79
593
308
64
907
471
520
160
746
42
410
260
708
541
190
990
111
38
342
97
367
727
507
394
640
781
700
181
462
622
370
332
389
132
484
79
515
797
665
351
864
41
738
201
833
273
631
816
826
162
410
769
969
615
745
174
961
326
831
909
127
393
303
95
917
601
36
904
136
2
886
716
784
361
19
997
276
394
124
285
458
138
0
857
610
507
326
925
49
14
554
878
660
623
249
605
411
194
81
4
785
23
282
13
22
922
253
757
830
246
822
594
252
606
5
887
616
421
417
437
638
38
433
182
333
641
74
852
955
416
22
426
875
634
557
305
308
269
61
432
116
907
282
347
282
404
734
556
925
698
567
373
211
628
406
861
99
358
800
725
117
530
523
319
749
485
103
448
516
896
323
74
157
146
910
761
701
680
277
895
685
408
890
953
748
534
547
536
787
807
205
414
268
7
663
313
59
477
20
727
352
876
113
313
490
447
758
35
290
238
255
875
832
764
5
762
474
935
202
61
425
60
433
783
643
190
297
807
275
676
804
465
658
527
236
443
917
438
449
430
46
494
250
76
863
408
383
789
448
571
263
332
882
567
373
653
907
692
73
683
714
74
510
14
111
81
348
658
235
163
420
264
703
481
154
449
351
538
965
728
218
821
444
45
590
110
609
22
832
154
328
664
538
188
757
525
50
555
596
350
227
491
488
911
51
518
535
62
236
30
98
462
451
688
430
24
606
44
946
360
784
326
949
673
905
928
93
696
371
928
695
47
682
849
548
361
552
426
162
764
346
446
508
33
594
552
213
809
728
550
862
577
916
473
779
182
291
340
604
785
49
240
941
592
681
577
723
131
374
939
18
273
947
453
964
932
967
699
488
633
349
416
639
431
124
840
314
627
514
423
391
737
385
951
349
201
324
280
688
351
833
958
388
476
605
327
221
260
153
447
423
131
697
314
750
753
960
37
979
929
144
640
133
419
338
430
472
851
473
489
921
13
874
339
36
336
677
605
70
292
351
438
236
702
55
67
278
591
204
838
845
702
905
459
945
547
39
44
983
933
19
137
907
548
856
772
555
878
495
464
467
244
289
585
405
244
258
397
966
180
638
461
162
322
19
124
518
993
229
853
662
222
977
908
670
55
618
173
154
632
416
238
201
326
627
877
670
903
36
872
828
480
774
593
968
384
188
262
912
275
275
9
156
760
221
970
36
106
743
45
686
845
553
385
218
662
158
647
863
559
900
239
445
645
492
964
300
45
793
749
193
378
569
519
476
112
944
373
521
377
799
204
635
393
226
128
910
286
904
333
577
452
14
850
877
624
895
454
612
798
783
868
836
725
420
325
468
329
857
377
130
273
325
905
284
594
943
901
495
22
543
882
112
760
124
157
249
832
558
886
941
902
309
220
52
157
272
209
547
494
803
468
5
647
74
487
12
123
164
303
71
702
541
1
200
537
407
646
264
207
828
896
784
989
633
14
59
77
98
642
859
928
699
806
716
25
656
825
832
798
589
144
452
732
504
676
190
318
110
494
582
5
509
37
765
222
465
158
399
606
787
286
975
365
811
227
241
892
898
941
301
732
560
48
815
470
901
895
159
390
232
579
843
920
492
452
200
508
147
945
75
724
963
827
902
309
197
272
202
310
96
634
745
926
903
71
619
522
911
782
980
733
806
799
655
535
949
541
474
442
437
492
458
585
964
282
463
124
78
20
718
441
54
942
811
707
760
442
159
123
408
483
830
112
42
845
419
649
122
677
560
937
808
371
383
234
864
287
404
466
439
411
732
749
602
34
700
493
57
328
750
480
907
721
562
31
902
659
881
416
204
535
202
174
221
647
135
447
183
906
12
591
310
516
354
628
727
119
795
544
977
997
956
459
290
885
637
335
660
704
42
624
894
631
160
230
458
56
334
960
159
721
752
924
331
187
985
14
525
365
928
47
858
726
835
784
25
231
527
108
350
52
807
807
647
450
513
7
560
397
902
991
443
515
817
308
347
694
945
261
238
206
661
150
496
649
678
100
218
754
339
9
82
898
184
956
280
454
628
670
40
645
647
818
10
497
627
920
827
932
611
479
996
210
227
832
176
775
925
398
183
972
814
976
251
858
90
559
111
842
435
886
191
776
395
178
837
899
599
7
344
119
112
855
910
404
735
602
640
577
881
8
681
393
822
499
320
893
554
963
656
362
463
164
347
298
171
658
720
320
486
145
5
568
995
194
915
749
156
153
881
832
384
157
566
465
700
467
509
276
516
3
226
175
236
367
295
846
982
791
51
683
482
613
132
613
220
726
422
426
559
672
629
766
711
988
86
124
43
363
326
208
305
701
671
884
81
160
134
84
514
717
592
273
405
472
750
209
425
817
960
221
44
583
111
732
113
881
12
481
211
364
505
837
661
100
775
886
261
976
834
687
543
246
498
355
915
81
331
132
961
332
536
846
560
259
402
91
43
848
708
883
639
135
982
379
137
926
794
677
120
254
853
645
166
977
994
730
460
478
329
88
442
222
540
344
142
753
106
735
283
286
829
890
686
678
945
714
568
884
204
187
970
836
43
707
640
369
37
713
649
793
159
704
429
616
829
12
599
715
10
92
979
354
877
799
202
634
667
233
796
449
201
237
799
981
64
780
587
527
443
364
239
499
119
678
850
546
209
955
308
307
902
156
161
998
492
121
663
146
208
272
684
997
132
902
63
309
508
672
325
468
687
43
508
125
406
822
986
342
275
152
868
123
922
230
1
310
811
439
246
806
767
638
30
377
260
341
368
149
517
158
375
206
522
407
602
277
819
624
434
286
351
22
101
